Loading
Dead loads
Concentrated loads(global axis)
Edge	xdir	ydir	moment	refnode	dxb	dyb


block	xdir	ydir	moment refnode	dxb	dyb


Continuous loads
Edge	xdir	ydir	refnode	dxstart	dystart	dxend	dyend


Block	xdir	ydir	
1	0	-0.142857142
2	0	-0.142857142
3	0	-0.142857142
4	0	-0.142857142
5	0	-0.142857142
6	0	-0.142857142
7	0	-0.142857142
8	0	-0.142857142
9	0	-0.142857142
10	0	-0.142857142
11	0	-0.142857142
12	0	-0.142857142
13	0	-0.142857142
14	0	-0.142857142
15	0	-0.142857142
16	0	-0.142857142
17	0	-0.142857142
18	0	-0.142857142
19	0	-0.142857142
20	0	-0.142857142
21	0	-0.142857142
22	0	-0.142857142
23	0	-0.142857142
24	0	-0.142857142
25	0	-0.142857142
26	0	-0.142857142
27	0	-0.142857142
28	0	-0.142857142
29	0	-0.142857142
30	0	-0.142857142
31	0	-0.142857142
32	0	-0.142857142
33	0	-0.142857142
34	0	-0.142857142
35	0	-0.142857142
36	0	-0.142857142
37	0	-0.142857142
38	0	-0.142857142
39	0	-0.142857142
40	0	-0.142857142
41	0	-0.142857142
42	0	-0.142857142
43	0	-0.142857142
44	0	-0.142857142
45	0	-0.142857142
46	0	-0.142857142
47	0	-0.142857142
48	0	-0.142857142
49	0	-0.142857142
50	0	-0.142857142
51	0	-0.142857142
52	0	-0.142857142
53	0	-0.142857142
54	0	-0.142857142
55	0	-0.142857142
56	0	-0.142857142
57	0	-0.142857142
58	0	-0.142857142
59	0	-0.142857142
60	0	-0.142857142
61	0	-0.142857142
62	0	-0.142857142
63	0	-0.142857142
64	0	-0.142857142
65	0	-0.142857142
66	0	-0.142857142
67	0	-0.142857142
68	0	-0.142857142
69	0	-0.142857142
70	0	-0.142857142
71	0	-0.142857142
72	0	-0.142857142
73	0	-0.142857142
74	0	-0.142857142
75	0	-0.142857142
76	0	-0.142857142
77	0	-0.142857142
78	0	-0.142857142
79	0	-0.142857142
80	0	-0.142857142
81	0	-0.142857142
82	0	-0.142857142
83	0	-0.142857142
84	0	-0.142857142
85	0	-0.142857142
86	0	-0.142857142
87	0	-0.142857142
88	0	-0.142857142
89	0	-0.142857142
90	0	-0.142857142
91	0	-0.142857142
92	0	-0.142857142
93	0	-0.142857142
94	0	-0.142857142
95	0	-0.142857142
96	0	-0.142857142
97	0	-0.142857142
98	0	-0.142857142
99	0	-0.142857142
100	0	-0.142857142
101	0	-0.142857142
102	0	-0.142857142
103	0	-0.142857142
104	0	-0.142857142
105	0	-0.142857142
106	0	-0.142857142
107	0	-0.142857142
108	0	-0.142857142
109	0	-0.142857142
110	0	-0.142857142
111	0	-0.142857142
112	0	-0.142857142
113	0	-0.142857142
114	0	-0.142857142
115	0	-0.142857142
116	0	-0.142857142
117	0	-0.142857142
118	0	-0.142857142
119	0	-0.142857142
120	0	-0.142857142
121	0	-0.142857142
122	0	-0.142857142
123	0	-0.142857142
124	0	-0.142857142
125	0	-0.142857142
126	0	-0.142857142
127	0	-0.142857142
128	0	-0.142857142
129	0	-0.142857142
130	0	-0.142857142
131	0	-0.142857142
132	0	-0.142857142
133	0	-0.142857142
134	0	-0.142857142
135	0	-0.142857142
136	0	-0.142857142
137	0	-0.142857142
138	0	-0.142857142
139	0	-0.142857142
140	0	-0.142857142
141	0	-0.142857142
142	0	-0.142857142
143	0	-0.142857142
144	0	-0.142857142
145	0	-0.142857142
146	0	-0.142857142

Live loads
Concentrated loads(global axis)
Edge	xdir	ydir	moment	refnode	dxb	dyb


block	xdir	ydir	moment refnode	dxb	dyb


Continuous loads
Edge	xdir	ydir	refnode	dxstart	dystart	dxend	dyend


Block	xdir	ydir		
1	0.142857142	0
2	0.142857142	0
3	0.142857142	0
4	0.142857142	0
5	0.142857142	0
6	0.142857142	0
7	0.142857142	0
8	0.142857142	0
9	0.142857142	0
10	0.142857142	0
11	0.142857142	0
12	0.142857142	0
13	0.142857142	0
14	0.142857142	0
15	0.142857142	0
16	0.142857142	0
17	0.142857142	0
18	0.142857142	0
19	0.142857142	0
20	0.142857142	0
21	0.142857142	0
22	0.142857142	0
23	0.142857142	0
24	0.142857142	0
25	0.142857142	0
26	0.142857142	0
27	0.142857142	0
28	0.142857142	0
29	0.142857142	0
30	0.142857142	0
31	0.142857142	0
32	0.142857142	0
33	0.142857142	0	
34	0.142857142	0
35	0.142857142	0
36	0.142857142	0
37	0.142857142	0
38	0.142857142	0
39	0.142857142	0
40	0.142857142	0
41	0.142857142	0
42	0.142857142	0
43	0.142857142	0
44	0.142857142	0
45	0.142857142	0
46	0.142857142	0
47	0.142857142	0
48	0.142857142	0
49	0.142857142	0
50	0.142857142	0
51	0.142857142	0
52	0.142857142	0
53	0.142857142	0
54	0.142857142	0
55	0.142857142	0
56	0.142857142	0
57	0.142857142	0
58	0.142857142	0
59	0.142857142	0
60	0.142857142	0
61	0.142857142	0
62	0.142857142	0
63	0.142857142	0
64	0.142857142	0
65	0.142857142	0
66	0.142857142	0
67	0.142857142	0
68	0.142857142	0
69	0.142857142	0
70	0.142857142	0
71	0.142857142	0
72	0.142857142	0
73	0.142857142	0
74	0.142857142	0
75	0.142857142	0
76	0.142857142	0
77	0.142857142	0
78	0.142857142	0
79	0.142857142	0
80	0.142857142	0
81	0.142857142	0
82	0.142857142	0
83	0.142857142	0
84	0.142857142	0
85	0.142857142	0
86	0.142857142	0
87	0.142857142	0
88	0.142857142	0
89	0.142857142	0
90	0.142857142	0
91	0.142857142	0
92	0.142857142	0
93	0.142857142	0
94	0.142857142	0
95	0.142857142	0
96	0.142857142	0
97	0.142857142	0
98	0.142857142	0
99	0.142857142	0
100	0.142857142	0
101	0.142857142	0
102	0.142857142	0
103	0.142857142	0
104	0.142857142	0
105	0.142857142	0
106	0.142857142	0
107	0.142857142	0
108	0.142857142	0
109	0.142857142	0
110	0.142857142	0
111	0.142857142	0
112	0.142857142	0
113	0.142857142	0
114	0.142857142	0
115	0.142857142	0
116	0.142857142	0
117	0.142857142	0
118	0.142857142	0
119	0.142857142	0
120	0.142857142	0
121	0.142857142	0
122	0.142857142	0
123	0.142857142	0
124	0.142857142	0
125	0.142857142	0
126	0.142857142	0
127	0.142857142	0
128	0.142857142	0
129	0.142857142	0
130	0.142857142	0
131	0.142857142	0
132	0.142857142	0
133	0.142857142	0
134	0.142857142	0
135	0.142857142	0
136	0.142857142	0
137	0.142857142	0
138	0.142857142	0
139	0.142857142	0
140	0.142857142	0
141	0.142857142	0
142	0.142857142	0
143	0.142857142	0
144	0.142857142	0
145	0.142857142	0
146	0.142857142	0
