Strength
Edge	cohesion	friction angle	compression_limit	tension_limit
1	00	33	9000	0
2	00	33	9000	0
3	0	33	9000	0
4	00	33	9000	0
5	00	33	9000	0
6	00	33	9000	0
8	01	33	9000	0
9	00	33	9000	0
10	00	33	9000	0
11	00	33	9000	0
12	00	33	9000	0
14	00	33	9000	0
15	00	33	9000	0
16	00	33	9000	0
17	00	33	9000	0
18	00	33	9000	0
19	00	33	9000	0
20	00	33	9000	0
21	00	33	9000	0
22	00	33	9000	0
23	00	33	9000	0
25	00	33	9000	0
26	00	33	9000	0
27	00	33	9000	0
28	00	33	9000	0
30	00	33	9000	0
31	00	33	9000	0
32	00	33	9000	0
33	00	33	9000	0
34	00	33	9000	0
35	00	33	9000	0
36	00	33	9000	0
37	00	33	9000	0
38	00	33	9000	0
39	00	33	9000	0
41	00	33	9000	0
42	00	33	9000	0
43	00	33	9000	0
44	00	33	9000	0
45	00	33	9000	0
48	00	33	9000	0
49	00	33	9000	0
50	00	33	9000	0
51	00	33	9000	0
53	00	33	9000	0
54	00	33	9000	0
55	00	33	9000	0
56	00	33	9000	0
57	00	33	9000	0
58	00	33	9000	0
59	00	33	9000	0
60	00	33	9000	0
61	00	33	9000	0
62	00	33	9000	0
64	00	33	9000	0
65	00	33	9000	0
66	00	33	9000	0
67	00	33	9000	0
68	00	33	9000	0
70	00	33	9000	0
71	00	33	9000	0
72	00	33	9000	0
73	00	33	9000	0
74	00	33	9000	0
75	00	33	9000	0
76	00	33	9000	0
77	00	33	9000	0
78	00	33	9000	0
79	00	33	9000	0
81	00	33	9000	0
82	00	33	9000	0
83	00	33	9000	0
84	00	33	9000	0
85	00	33	9000	0
91	00	33	9000	0
92	00	33	9000	0
93	00	33	9000	0
94	00	33	9000	0
95	00	33	9000	0
96	00	33	9000	0
97	0	33	9000	0
98	00	33	9000	0
99	0	33	9000	0
100	0	33	9000	0

Support
Edge	tandisp	normaldisp	rotation
1	0	0	0
2	0	0	0
3	0	0	0
4	0	0	0
5	0	0	0
6	0	0	0

Loading
Dead loads
Concentrated loads(global axis)
Edge	xdir	ydir	moment	refnode	dxb	dyb


block	xdir	ydir	moment refnode	dxb	dyb


Continuous loads
Edge	xdir	ydir	refnode	dxstart	dystart	dxend	dyend


Block	xdir	ydir	
1	0	-0.142857142
2	0	-0.142857142
3	0	-0.142857142
4	0	-0.142857142
5	0	-0.142857142
6	0	-0.142857142
7	0	-0.142857142
8	0	-0.142857142
9	0	-0.142857142
10	0	-0.142857142
11	0	-0.142857142
12	0	-0.142857142
13	0	-0.142857142
14	0	-0.142857142
15	0	-0.142857142
16	0	-0.142857142
17	0	-0.142857142
18	0	-0.142857142
19	0	-0.142857142
20	0	-0.142857142
21	0	-0.142857142
22	0	-0.142857142
23	0	-0.142857142
24	0	-0.142857142
25	0	-0.142857142
26	0	-0.142857142
27	0	-0.142857142
28	0	-0.142857142
29	0	-0.142857142
30	0	-0.142857142
31	0	-0.142857142
32	0	-0.142857142
33	0	-0.142857142

Live loads
Concentrated loads(global axis)
Edge	xdir	ydir	moment	refnode	dxb	dyb


block	xdir	ydir	moment refnode	dxb	dyb


Continuous loads
Edge	xdir	ydir	refnode	dxstart	dystart	dxend	dyend


Block	xdir	ydir		
1	0.142857142	0
2	0.142857142	0
3	0.142857142	0
4	0.142857142	0
5	0.142857142	0
6	0.142857142	0
7	0.142857142	0
8	0.142857142	0
9	0.142857142	0
10	0.142857142	0
11	0.142857142	0
12	0.142857142	0
13	0.142857142	0
14	0.142857142	0
15	0.142857142	0
16	0.142857142	0
17	0.142857142	0
18	0.142857142	0
19	0.142857142	0
20	0.142857142	0
21	0.142857142	0
22	0.142857142	0
23	0.142857142	0
24	0.142857142	0
25	0.142857142	0
26	0.142857142	0
27	0.142857142	0
28	0.142857142	0
29	0.142857142	0
30	0.142857142	0
31	0.142857142	0
32	0.142857142	0
33	0.142857142	0	


