1.0 1.0 0.0003325221070227258 -0.0448128310932816 1 -1.0 0.71 0.7 0.71 -0.71 -1.0 -0.7 0.71 0.71 0.71 -0.00033252210702450213 -0.048503584475152905 1 0.03475859982859319 -0.04616522049756039 1 -0.034556454281369074 -0.046621364326655014 1 1.0 -0.71 -0.7 -0.71 0.71 1.0 0.7 -0.71 -0.71 -0.71 1.0 -0.008473923591804756 -0.008594979643117513 1 0.008594979643117524 -0.00859497964311626 1 0.0003325221070227258 -0.04447169274511609 1
##
0 1 2 2 2 3 3 3 3 3 4 4 4 4 4 5 5 5 5 5 5 5 5 5 5 6 6 6 6 6 7 7 7 7 7 8 8 8 8 8 8 8 8 8
##
0 1 1 0 2 0 3 4 6 7 1 3 4 6 7 1 0 2 4 3 5 7 6 8 12 3 4 6 7 9 3 4 6 7 10 4 3 5 7 6 8 10 9 11
##
0.22905012903637 0.16192899678562828 0.16122034611053393 0.22905012903637
##
3
##
13
##
0
1 2 3
0 4

4 5
6 7
##
0 1
2 3 4 5 6
0 6
1 2
0 7 7 1
8 9
0 8
1 9
##
-7.983 0.0 22.149
-7.754 0.0 22.149
-7.754 0.0 22.32
-7.754 0.0 22.206
-7.868 0.0 22.206
-7.983 0.0 22.206
-7.983 0.0 22.32
-7.868 0.0 22.035
-7.983 0.0 21.978
-7.754 0.0 21.978
##
-7.868167477892976 0.0 22.193812831093283
-7.868167477892975 0.0 22.100496415524848
-7.868167477892976 0.0 22.022471692745118
##
